chr,posStart,posEnd,CN,Sample_ID,conf,numSNP,avgConf,length,CNV_type,method
14,18527976,18540537,3,NA12005,10.7076,5,2.14152,12562,Gain,QuantiSNP
14,28631350,28636053,3,NA12005,0.540624,3,0.180208,4704,Gain,QuantiSNP
14,76301475,76301521,1,NA12005,1.08539,2,0.542695,47,Loss,QuantiSNP
14,98664732,98667328,1,NA12005,2.48373,6,0.413955,2597,Loss,QuantiSNP
14,104352799,104354918,1,NA12005,0.619309,6,0.103218166666667,2120,Loss,QuantiSNP
14,104976518,104978898,1,NA12005,3.84152,4,0.96038,2381,Loss,QuantiSNP
14,105372700,105391051,0,NA12005,13.3776,3,4.4592,18352,Loss,QuantiSNP
14,105523735,105908080,3,NA12005,106.944,65,1.64529230769231,384346,Gain,QuantiSNP
14,106013941,106055196,3,NA12005,24.2055,17,1.42385294117647,41256,Gain,QuantiSNP
22,20718006,21353446,1,NA12005,1154.4,517,2.23288201160542,635441,Loss,QuantiSNP
22,21375605,21567586,0,NA12005,289.238,42,6.88661904761905,191982,Loss,QuantiSNP
22,33713780,33713825,3,NA12005,0.403336,2,0.201668,46,Gain,QuantiSNP
22,37680018,37683118,1,NA12005,2.96929,6,0.494881666666667,3101,Loss,QuantiSNP
22,44080396,44106445,1,NA12005,42.9163,25,1.716652,26050,Loss,QuantiSNP
22,48714735,48736012,1,NA12005,9.08722,16,0.56795125,21278,Loss,QuantiSNP
22,49067680,49089184,1,NA12005,11.3746,25,0.454984,21505,Loss,QuantiSNP
14,25242197,25246061,3,NA12003,1.90882,5,0.381764,3865,Gain,QuantiSNP
14,63026265,63032662,1,NA12003,27.7319,10,2.77319,6398,Loss,QuantiSNP
14,103816963,103820444,1,NA12003,1.96322,7,0.28046,3482,Loss,QuantiSNP
14,104411688,104416113,1,NA12003,2.20651,9,0.245167777777778,4426,Loss,QuantiSNP
14,105851785,106003278,3,NA12003,63.9105,32,1.997203125,151494,Gain,QuantiSNP
14,106013941,106145554,3,NA12003,61.9626,76,0.815297368421053,131614,Gain,QuantiSNP
22,40032923,40068818,1,NA12003,0.416995,19,0.0219471052631579,35896,Loss,QuantiSNP
22,44867865,44890432,1,NA12003,23.8113,44,0.541165909090909,22568,Loss,QuantiSNP
22,47859751,47864438,1,NA12003,7.02575,16,0.439109375,4688,Loss,QuantiSNP
22,48714735,48731733,1,NA12003,9.36371,10,0.936371,16999,Loss,QuantiSNP
14,18070480,18117862,3,NA12006,5.55705,15,0.37047,47383,Gain,QuantiSNP
14,19267151,19494024,3,NA12006,173.374,65,2.66729230769231,226874,Gain,QuantiSNP
14,36349467,36351124,3,NA12006,3.71438,7,0.530625714285714,1658,Gain,QuantiSNP
14,40679974,40731435,1,NA12006,58.6751,30,1.95583666666667,51462,Loss,QuantiSNP
14,80144445,80146796,3,NA12006,0,4,0,2352,Gain,QuantiSNP
14,104688087,104725763,1,NA12006,19.3375,26,0.74375,37677,Loss,QuantiSNP
14,104746155,104750418,1,NA12006,5.27149,10,0.527149,4264,Loss,QuantiSNP
14,104950541,104959183,1,NA12006,1.7655,4,0.441375,8643,Loss,QuantiSNP
14,105162326,105391051,3,NA12006,13.1006,28,0.467878571428571,228726,Gain,QuantiSNP
14,105767090,105855885,1,NA12006,54.6745,32,1.708578125,88796,Loss,QuantiSNP
14,105899453,106145554,3,NA12006,63.7007,100,0.637007,246102,Gain,QuantiSNP
22,14494244,14844422,3,NA12006,9.29474,7,1.32782,350179,Gain,QuantiSNP
22,15292556,15418910,3,NA12006,12.3946,15,0.826306666666667,126355,Gain,QuantiSNP
22,15709601,15770627,3,NA12006,5.60031,14,0.400022142857143,61027,Gain,QuantiSNP
22,17224632,17390149,3,NA12006,165.716,150,1.10477333333333,165518,Gain,QuantiSNP
22,19938479,19963350,3,NA12006,2.01766,2,1.00883,24872,Gain,QuantiSNP
22,21375605,21413560,3,NA12006,1.49622,16,0.09351375,37956,Gain,QuantiSNP
22,34510481,34561303,3,NA12006,0,19,0,50823,Gain,QuantiSNP
22,36075946,36079559,1,NA12006,16.2076,13,1.24673846153846,3614,Loss,QuantiSNP
22,37618595,37623667,3,NA12006,6.34162,12,0.528468333333333,5073,Gain,QuantiSNP
22,37626450,37628376,0,NA12006,2.56637,2,1.283185,1927,Loss,QuantiSNP
22,37694289,37715609,1,NA12006,3.77571,17,0.222100588235294,21321,Loss,QuantiSNP
22,48714735,48736422,1,NA12006,13.1309,18,0.729494444444444,21688,Loss,QuantiSNP
14,19267151,19528147,3,NA11994,122.64,83,1.47759036144578,260997,Gain,QuantiSNP
14,24686028,24880762,3,NA11994,65.1906,171,0.381231578947368,194735,Gain,QuantiSNP
14,25242197,25246061,3,NA11994,3.53618,5,0.707236,3865,Gain,QuantiSNP
14,36930357,36996031,3,NA11994,2.17144,22,0.0987018181818182,65675,Gain,QuantiSNP
14,40679974,40731435,1,NA11994,40.5417,30,1.35139,51462,Loss,QuantiSNP
14,45606442,45709594,3,NA11994,11.9296,72,0.165688888888889,103153,Gain,QuantiSNP
14,49955285,50022619,3,NA11994,6.76983,39,0.173585384615385,67335,Gain,QuantiSNP
14,57890321,57909092,3,NA11994,3.20072,12,0.266726666666667,18772,Gain,QuantiSNP
14,61919249,61931886,3,NA11994,7.02464,27,0.260171851851852,12638,Gain,QuantiSNP
14,62013478,62017378,3,NA11994,5.28296,22,0.240134545454545,3901,Gain,QuantiSNP
14,62118733,62140329,3,NA11994,12.0009,56,0.214301785714286,21597,Gain,QuantiSNP
14,65103984,65220843,3,NA11994,38.927,55,0.707763636363636,116860,Gain,QuantiSNP
14,66279656,66340014,3,NA11994,3.12733,19,0.164596315789474,60359,Gain,QuantiSNP
14,81892094,81919921,3,NA11994,4.29451,16,0.268406875,27828,Gain,QuantiSNP
14,90326598,90336399,1,NA11994,16.9234,18,0.940188888888889,9802,Loss,QuantiSNP
14,98640212,98648878,3,NA11994,0,14,0,8667,Gain,QuantiSNP
14,100952291,100960151,3,NA11994,2.79447,9,0.310496666666667,7861,Gain,QuantiSNP
14,103476545,103511678,3,NA11994,23.2155,23,1.00936956521739,35134,Gain,QuantiSNP
14,105646659,105887901,3,NA11994,117.496,56,2.09814285714286,241243,Gain,QuantiSNP
14,105934989,106200283,3,NA11994,64.1666,144,0.445601388888889,265295,Gain,QuantiSNP
22,14494244,14844422,3,NA11994,8.28778,7,1.18396857142857,350179,Gain,QuantiSNP
22,15292556,15380277,3,NA11994,14.1589,7,2.0227,87722,Gain,QuantiSNP
22,15497059,15511866,3,NA11994,8.3136,4,2.0784,14808,Gain,QuantiSNP
22,15659759,15676956,3,NA11994,5.66886,17,0.333462352941176,17198,Gain,QuantiSNP
22,17006900,17009320,1,NA11994,1.38986,7,0.198551428571429,2421,Loss,QuantiSNP
22,18595570,18608764,1,NA11994,22.3694,24,0.932058333333333,13195,Loss,QuantiSNP
22,20890489,20923041,3,NA11994,38.4783,50,0.769566,32553,Gain,QuantiSNP
22,20983866,21029071,3,NA11994,3.10311,24,0.12929625,45206,Gain,QuantiSNP
22,21040758,21056372,3,NA11994,2.6501,7,0.378585714285714,15615,Gain,QuantiSNP
22,21254995,21428373,3,NA11994,3.85468,42,0.0917780952380952,173379,Gain,QuantiSNP
22,21478807,21561195,1,NA11994,12.3328,13,0.948676923076923,82389,Loss,QuantiSNP
22,27805583,27811958,3,NA11994,3.30391,6,0.550651666666667,6376,Gain,QuantiSNP
22,36124797,36140121,1,NA11994,6.59864,25,0.2639456,15325,Loss,QuantiSNP
22,39800259,39803007,3,NA11994,3.73956,3,1.24652,2749,Gain,QuantiSNP
22,43648716,43651583,3,NA11994,2.67303,6,0.445505,2868,Gain,QuantiSNP
22,47324845,47333319,1,NA11994,10.4504,13,0.803876923076923,8475,Loss,QuantiSNP
22,49040151,49099024,1,NA11994,52.7912,76,0.694621052631579,58874,Loss,QuantiSNP
14,31497423,31497589,1,NA11918,1.55542,3,0.518473333333333,167,Loss,QuantiSNP
14,63123766,63125605,1,NA11918,11.4626,5,2.29252,1840,Loss,QuantiSNP
14,96127394,96127751,1,NA11918,0,2,0,358,Loss,QuantiSNP
14,99828799,99829718,1,NA11918,6.11376,4,1.52844,920,Loss,QuantiSNP
14,103076446,103084688,1,NA11918,5.38952,9,0.598835555555556,8243,Loss,QuantiSNP
14,103702980,103714529,1,NA11918,33.7681,28,1.20600357142857,11550,Loss,QuantiSNP
14,104411688,104416113,1,NA11918,4.10983,9,0.456647777777778,4426,Loss,QuantiSNP
14,105133720,105143515,1,NA11918,15.4518,8,1.931475,9796,Loss,QuantiSNP
14,105165405,105246247,1,NA11918,18.6815,18,1.03786111111111,80843,Loss,QuantiSNP
14,105249724,105268160,0,NA11918,19.1044,3,6.36813333333333,18437,Loss,QuantiSNP
14,105269079,105298364,1,NA11918,10.6662,3,3.5554,29286,Loss,QuantiSNP
14,105372700,105391051,0,NA11918,16.589,3,5.52966666666667,18352,Loss,QuantiSNP
14,105855885,105943859,3,NA11918,18.1414,20,0.90707,87975,Gain,QuantiSNP
14,106013941,106168192,3,NA11918,32.461,92,0.352836956521739,154252,Gain,QuantiSNP
22,18587328,18601827,1,NA11918,2.62773,28,0.0938475,14500,Loss,QuantiSNP
22,21100917,21302396,1,NA11918,63.9031,58,1.1017775862069,201480,Loss,QuantiSNP
22,21538274,21567586,1,NA11918,5.11112,7,0.73016,29313,Loss,QuantiSNP
22,26719012,26723644,1,NA11918,2.3533,6,0.392216666666667,4633,Loss,QuantiSNP
22,36070799,36079559,1,NA11918,21.1488,19,1.11309473684211,8761,Loss,QuantiSNP
22,40178523,40185876,1,NA11918,3.37392,5,0.674784,7354,Loss,QuantiSNP
22,41256609,41279977,3,NA11918,3.02811,10,0.302811,23369,Gain,QuantiSNP
22,44867865,44904959,1,NA11918,20.1215,65,0.309561538461538,37095,Loss,QuantiSNP
22,47802428,47807141,1,NA11918,1.01341,9,0.112601111111111,4714,Loss,QuantiSNP
22,48081291,48088909,1,NA11918,10.9962,18,0.6109,7619,Loss,QuantiSNP
22,48714735,48736422,1,NA11918,33.7291,18,1.87383888888889,21688,Loss,QuantiSNP
22,49041531,49057156,1,NA11918,7.144,21,0.340190476190476,15626,Loss,QuantiSNP
14,18070480,18117862,3,NA11930,5.88508,15,0.392338666666667,47383,Gain,QuantiSNP
14,18471281,18540537,3,NA11930,8.14829,6,1.35804833333333,69257,Gain,QuantiSNP
14,18770048,18896346,1,NA11930,3.91751,3,1.30583666666667,126299,Loss,QuantiSNP
14,21978947,21987351,1,NA11930,3.65439,10,0.365439,8405,Loss,QuantiSNP
14,45296914,45325916,3,NA11930,3.50258,14,0.250184285714286,29003,Gain,QuantiSNP
14,65103984,65125696,3,NA11930,9.64512,19,0.507637894736842,21713,Gain,QuantiSNP
14,78350978,78368480,3,NA11930,6.11935,16,0.382459375,17503,Gain,QuantiSNP
14,95867254,95923207,3,NA11930,3.07624,29,0.10607724137931,55954,Gain,QuantiSNP
14,105372700,105391051,0,NA11930,17.6647,3,5.88823333333333,18352,Loss,QuantiSNP
14,105855885,105887901,1,NA11930,24.7509,7,3.53584285714286,32017,Loss,QuantiSNP
14,106102221,106273422,1,NA11930,136.717,127,1.07651181102362,171202,Loss,QuantiSNP
22,21403958,21567586,1,NA11930,20.3956,32,0.6373625,163629,Loss,QuantiSNP
14,18527976,18540537,3,NA11995,8.38259,5,1.676518,12562,Gain,QuantiSNP
14,19610503,19630121,3,NA11995,9.80028,12,0.81669,19619,Gain,QuantiSNP
14,25988244,26071566,3,NA11995,4.83413,39,0.123952051282051,83323,Gain,QuantiSNP
14,35055276,35069621,3,NA11995,6.75224,13,0.519403076923077,14346,Gain,QuantiSNP
14,36925622,36996031,3,NA11995,6.68677,25,0.2674708,70410,Gain,QuantiSNP
14,39782339,39811097,3,NA11995,2.02267,12,0.168555833333333,28759,Gain,QuantiSNP
14,40679974,40717238,1,NA11995,28.5021,23,1.23922173913043,37265,Loss,QuantiSNP
14,45835105,45859174,3,NA11995,8.35377,22,0.379716818181818,24070,Gain,QuantiSNP
14,45960158,45974095,3,NA11995,2.1761,9,0.241788888888889,13938,Gain,QuantiSNP
14,48465623,48470070,3,NA11995,4.88417,5,0.976834,4448,Gain,QuantiSNP
14,59795833,59801808,3,NA11995,2.13934,5,0.427868,5976,Gain,QuantiSNP
14,61857062,61870980,3,NA11995,20.0389,39,0.513817948717949,13919,Gain,QuantiSNP
14,61985014,61985984,3,NA11995,2.54572,8,0.318215,971,Gain,QuantiSNP
14,62014489,62032687,3,NA11995,6.87082,69,0.0995771014492754,18199,Gain,QuantiSNP
14,62078395,62080893,3,NA11995,8.84761,18,0.491533888888889,2499,Gain,QuantiSNP
14,62117603,62154057,3,NA11995,70.0561,118,0.593695762711864,36455,Gain,QuantiSNP
14,62221029,62224094,3,NA11995,0.524084,10,0.0524084,3066,Gain,QuantiSNP
14,65058339,65205916,3,NA11995,7.83775,63,0.12440873015873,147578,Gain,QuantiSNP
14,66266980,66346031,3,NA11995,6.18903,22,0.281319545454545,79052,Gain,QuantiSNP
14,91816037,91823837,3,NA11995,2.94556,13,0.226581538461538,7801,Gain,QuantiSNP
14,100952291,100968993,3,NA11995,0.689286,13,0.053022,16703,Gain,QuantiSNP
14,103722620,103723882,1,NA11995,0.582078,4,0.1455195,1263,Loss,QuantiSNP
14,105383244,105391051,0,NA11995,0.983138,2,0.491569,7808,Loss,QuantiSNP
14,105582557,105587018,0,NA11995,14.1503,3,4.71676666666667,4462,Loss,QuantiSNP
14,105858421,106168192,3,NA11995,78.1104,120,0.65092,309772,Gain,QuantiSNP
14,106273422,106303891,3,NA11995,13.5477,22,0.615804545454545,30470,Gain,QuantiSNP
22,15660822,15684697,3,NA11995,3.22769,30,0.107589666666667,23876,Gain,QuantiSNP
22,19938479,20052525,3,NA11995,0.653173,4,0.16329325,114047,Gain,QuantiSNP
22,21471097,21567586,1,NA11995,6.3419,18,0.352327777777778,96490,Loss,QuantiSNP
22,23993994,24249492,1,NA11995,299.11,185,1.61681081081081,255499,Loss,QuantiSNP
22,37618595,37626450,3,NA11995,3.02496,13,0.232689230769231,7856,Gain,QuantiSNP
22,42227896,42230747,1,NA11995,2.02292,12,0.168576666666667,2852,Loss,QuantiSNP
22,48790676,48796563,1,NA11995,1.38726,10,0.138726,5888,Loss,QuantiSNP
22,49409698,49412227,1,NA11995,2.85214,12,0.237678333333333,2530,Loss,QuantiSNP
14,19267151,19494024,3,NA11893,137.587,65,2.11672307692308,226874,Gain,QuantiSNP
14,43786417,43788372,1,NA11893,2.36238,6,0.39373,1956,Loss,QuantiSNP
14,61964374,61964802,3,NA11893,1.03091,6,0.171818333333333,429,Gain,QuantiSNP
14,92082378,92082889,1,NA11893,1.39136,4,0.34784,512,Loss,QuantiSNP
14,93175182,93179255,3,NA11893,0,4,0,4074,Gain,QuantiSNP
14,105582557,105587018,0,NA11893,16.4076,3,5.4692,4462,Loss,QuantiSNP
14,105744785,105765452,0,NA11893,14.0015,4,3.500375,20668,Loss,QuantiSNP
14,105766323,105766323,3,NA11893,5.79434,1,5.79434,1,Gain,QuantiSNP
14,105767090,105804088,0,NA11893,64.9106,13,4.99312307692308,36999,Loss,QuantiSNP
14,105855885,106168192,3,NA11893,90.4328,123,0.735226016260163,312308,Gain,QuantiSNP
22,14494244,14895222,3,NA11893,9.56422,12,0.797018333333333,400979,Gain,QuantiSNP
22,15292556,15418910,3,NA11893,4.45905,15,0.29727,126355,Gain,QuantiSNP
22,20718006,21288868,1,NA11893,1076.97,504,2.13684523809524,570863,Loss,QuantiSNP
22,21403958,21520370,1,NA11893,14.1239,25,0.564956,116413,Loss,QuantiSNP
22,41231318,41279977,3,NA11893,9.50453,27,0.35201962962963,48660,Gain,QuantiSNP
14,18070480,18117862,3,NA11894,7.90684,15,0.527122666666667,47383,Gain,QuantiSNP
14,18527976,18540537,1,NA11894,12.5686,5,2.51372,12562,Loss,QuantiSNP
14,19267151,19490178,3,NA11894,36.1227,62,0.582624193548387,223028,Gain,QuantiSNP
14,28196106,28210560,3,NA11894,2.13839,8,0.26729875,14455,Gain,QuantiSNP
14,35188099,35210013,3,NA11894,10.9932,8,1.37415,21915,Gain,QuantiSNP
14,46778147,46785452,0,NA11894,66.9051,9,7.4339,7306,Loss,QuantiSNP
14,65152546,65177490,3,NA11894,1.60673,9,0.178525555555556,24945,Gain,QuantiSNP
14,81739548,81758274,3,NA11894,16.8743,13,1.29802307692308,18727,Gain,QuantiSNP
14,95867254,95923207,3,NA11894,10.4776,29,0.361296551724138,55954,Gain,QuantiSNP
14,96070093,96083002,3,NA11894,6.42524,8,0.803155,12910,Gain,QuantiSNP
14,99263599,99266162,1,NA11894,3.36581,5,0.673162,2564,Loss,QuantiSNP
14,104402938,104418533,1,NA11894,8.55398,17,0.503175294117647,15596,Loss,QuantiSNP
14,106174317,106250912,3,NA11894,23.1327,59,0.392079661016949,76596,Gain,QuantiSNP
22,18097620,18100051,1,NA11894,0.76835,8,0.09604375,2432,Loss,QuantiSNP
22,18113811,18125891,1,NA11894,3.20587,27,0.118735925925926,12081,Loss,QuantiSNP
22,21396679,21513802,3,NA11894,29.0426,27,1.07565185185185,117124,Gain,QuantiSNP
22,23148439,23153706,1,NA11894,5.09195,6,0.848658333333333,5268,Loss,QuantiSNP
22,23993994,24249492,3,NA11894,365.479,185,1.97556216216216,255499,Gain,QuantiSNP
22,44870625,44894498,1,NA11894,30.8961,40,0.7724025,23874,Loss,QuantiSNP
22,48153414,48154951,1,NA11894,3.88732,6,0.647886666666667,1538,Loss,QuantiSNP
14,19267151,19502504,3,NA11881,36.0602,71,0.50789014084507,235354,Gain,QuantiSNP
14,75874532,75876358,1,NA11881,3.49817,6,0.583028333333333,1827,Loss,QuantiSNP
14,99263599,99275734,1,NA11881,0.53447,17,0.0314394117647059,12136,Loss,QuantiSNP
14,102635492,102646196,1,NA11881,10.2963,18,0.572016666666667,10705,Loss,QuantiSNP
14,104265108,104271422,1,NA11881,3.81893,6,0.636488333333333,6315,Loss,QuantiSNP
14,106068230,106176722,3,NA11881,38.0684,79,0.481878481012658,108493,Gain,QuantiSNP
22,14494244,14895222,3,NA11881,4.85438,12,0.404531666666667,400979,Gain,QuantiSNP
22,15257157,15418910,3,NA11881,23.8173,19,1.25354210526316,161754,Gain,QuantiSNP
22,15654624,15656523,3,NA11881,0,6,0,1900,Gain,QuantiSNP
22,18097908,18101766,1,NA11881,2.8306,14,0.202185714285714,3859,Loss,QuantiSNP
22,28453389,28456644,1,NA11881,3.99169,7,0.570241428571429,3256,Loss,QuantiSNP
22,48528751,48530537,1,NA11881,1.22957,4,0.3073925,1787,Loss,QuantiSNP
22,48714735,48736422,1,NA11881,18.2898,18,1.0161,21688,Loss,QuantiSNP
22,48998199,49000002,1,NA11881,4.80831,8,0.60103875,1804,Loss,QuantiSNP
14,18070480,18117862,3,NA12891,7.41364,15,0.494242666666667,47383,Gain,QuantiSNP
14,19267151,19417404,3,NA12891,5.59312,28,0.199754285714286,150254,Gain,QuantiSNP
14,21567137,21602027,3,NA12891,3.66668,53,0.069182641509434,34891,Gain,QuantiSNP
14,22545793,22546584,1,NA12891,10.6495,6,1.77491666666667,792,Loss,QuantiSNP
14,61770235,61773617,3,NA12891,0.471583,11,0.0428711818181818,3383,Gain,QuantiSNP
14,72770816,72796187,1,NA12891,4.92937,42,0.117365952380952,25372,Loss,QuantiSNP
14,73309929,73315360,1,NA12891,4.78559,8,0.59819875,5432,Loss,QuantiSNP
14,76856616,76856905,0,NA12891,1.83368,4,0.45842,290,Loss,QuantiSNP
14,90372511,90375857,1,NA12891,4.12786,8,0.5159825,3347,Loss,QuantiSNP
14,93617231,93617414,1,NA12891,16.3087,6,2.71811666666667,184,Loss,QuantiSNP
14,95927736,95928530,1,NA12891,3.20808,4,0.80202,795,Loss,QuantiSNP
14,99051768,99062453,1,NA12891,11.1685,15,0.744566666666667,10686,Loss,QuantiSNP
14,101484520,101484582,1,NA12891,0,3,0,63,Loss,QuantiSNP
14,102634748,102646902,1,NA12891,22.5589,21,1.07423333333333,12155,Loss,QuantiSNP
14,103226878,103238616,1,NA12891,19.9956,21,0.952171428571429,11739,Loss,QuantiSNP
14,103682029,103714986,1,NA12891,55.9324,64,0.87394375,32958,Loss,QuantiSNP
14,104248472,104254415,1,NA12891,4.124,17,0.242588235294118,5944,Loss,QuantiSNP
14,105100565,105114196,3,NA12891,11.6678,10,1.16678,13632,Gain,QuantiSNP
14,105523735,105847784,3,NA12891,98.3921,53,1.85645471698113,324050,Gain,QuantiSNP
14,105899453,106254268,3,NA12891,100.604,182,0.552769230769231,354816,Gain,QuantiSNP
22,14494244,14619064,3,NA12891,1.59318,5,0.318636,124821,Gain,QuantiSNP
22,18492229,18548295,1,NA12891,26.1761,57,0.459229824561404,56067,Loss,QuantiSNP
22,18595570,18601963,1,NA12891,3.992,17,0.234823529411765,6394,Loss,QuantiSNP
22,22498209,22516723,1,NA12891,13.1719,27,0.487848148148148,18515,Loss,QuantiSNP
22,24226979,24232761,3,NA12891,1.68255,5,0.33651,5783,Gain,QuantiSNP
22,43500641,43503974,1,NA12891,7.90491,14,0.564636428571429,3334,Loss,QuantiSNP
22,44852864,44890432,1,NA12891,24.1203,61,0.395414754098361,37569,Loss,QuantiSNP
22,47472858,47475019,1,NA12891,14.3579,13,1.10445384615385,2162,Loss,QuantiSNP
22,47861228,47862905,1,NA12891,16.8691,10,1.68691,1678,Loss,QuantiSNP
22,48707294,48747172,1,NA12891,30.7189,33,0.930875757575758,39879,Loss,QuantiSNP
14,18527976,19494024,3,NA12043,34.6912,74,0.4688,966049,Gain,QuantiSNP
14,27311628,27387322,3,NA12043,8.65673,28,0.309168928571429,75695,Gain,QuantiSNP
14,40679974,40731435,1,NA12043,39.785,30,1.32616666666667,51462,Loss,QuantiSNP
14,96585012,96586616,3,NA12043,1.88507,6,0.314178333333333,1605,Gain,QuantiSNP
14,105452961,106111383,3,NA12043,85.3652,148,0.576791891891892,658423,Gain,QuantiSNP
14,106273422,106300810,3,NA12043,13.35,20,0.6675,27389,Gain,QuantiSNP
22,15333204,15611603,3,NA12043,29.4712,95,0.310223157894737,278400,Gain,QuantiSNP
22,18330164,18331271,1,NA12043,0.77756,11,0.0706872727272727,1108,Loss,QuantiSNP
22,19938479,19963350,3,NA12043,0.479901,2,0.2399505,24872,Gain,QuantiSNP
14,19267151,19365350,3,NA12004,31.886,18,1.77144444444444,98200,Gain,QuantiSNP
14,19372333,19459714,3,NA12004,54.8908,30,1.82969333333333,87382,Gain,QuantiSNP
14,19467594,19494024,3,NA12004,27.9935,17,1.64667647058824,26431,Gain,QuantiSNP
14,40679974,40726877,1,NA12004,50.7636,28,1.81298571428571,46904,Loss,QuantiSNP
14,45522280,45544086,3,NA12004,1.0996,14,0.0785428571428571,21807,Gain,QuantiSNP
14,49994200,50014753,3,NA12004,4.39137,12,0.3659475,20554,Gain,QuantiSNP
14,103719081,103727513,1,NA12004,9.21771,10,0.921771,8433,Loss,QuantiSNP
14,104255312,104255734,1,NA12004,3.45985,6,0.576641666666667,423,Loss,QuantiSNP
14,105582557,105587018,0,NA12004,8.28151,3,2.76050333333333,4462,Loss,QuantiSNP
14,105716807,105937208,1,NA12004,117.765,57,2.06605263157895,220402,Loss,QuantiSNP
14,106080902,106102221,3,NA12004,0.893661,22,0.0406209545454546,21320,Gain,QuantiSNP
22,14494244,14619064,3,NA12004,3.17033,5,0.634066,124821,Gain,QuantiSNP
22,37823240,37825616,1,NA12004,5.6534,5,1.13068,2377,Loss,QuantiSNP
22,48791889,48794334,1,NA12004,1.82325,7,0.260464285714286,2446,Loss,QuantiSNP
14,23508991,23534725,1,NA12878,4.92507,18,0.273615,25735,Loss,QuantiSNP
14,65118625,65137560,3,NA12878,8.35488,18,0.46416,18936,Gain,QuantiSNP
14,73309929,73315360,1,NA12878,5.95257,8,0.74407125,5432,Loss,QuantiSNP
14,76855774,76856905,1,NA12878,0.277538,5,0.0555076,1132,Loss,QuantiSNP
14,103841147,103846851,1,NA12878,2.46607,8,0.30825875,5705,Loss,QuantiSNP
14,105646659,105851785,3,NA12878,42.5622,49,0.868616326530612,205127,Gain,QuantiSNP
14,105855885,105887901,1,NA12878,2.76924,7,0.395605714285714,32017,Loss,QuantiSNP
14,105899453,106107505,3,NA12878,34.1826,78,0.438238461538462,208053,Gain,QuantiSNP
22,14494244,14844422,3,NA12878,3.19348,7,0.456211428571429,350179,Gain,QuantiSNP
22,19938479,20052525,3,NA12878,0.342376,4,0.085594,114047,Gain,QuantiSNP
22,20763601,20777739,3,NA12878,9.17192,27,0.339700740740741,14139,Gain,QuantiSNP
22,20824864,20841719,3,NA12878,48.9056,33,1.48198787878788,16856,Gain,QuantiSNP
22,20861572,20865144,3,NA12878,4.86502,10,0.486502,3573,Gain,QuantiSNP
22,20909801,20931293,1,NA12878,55.0811,40,1.3770275,21493,Loss,QuantiSNP
22,21060265,21090100,1,NA12878,25.4935,19,1.34176315789474,29836,Loss,QuantiSNP
22,21380265,21412535,1,NA12878,37.2689,14,2.66206428571429,32271,Loss,QuantiSNP
22,21413560,21434769,0,NA12878,15.9304,3,5.31013333333333,21210,Loss,QuantiSNP
22,21436891,21482487,1,NA12878,43.2669,12,3.605575,45597,Loss,QuantiSNP
22,21491302,21567586,0,NA12878,46.0673,12,3.83894166666667,76285,Loss,QuantiSNP
22,44924342,44928770,1,NA12878,4.86445,7,0.694921428571429,4429,Loss,QuantiSNP
22,47397143,47398657,1,NA12878,6.68778,9,0.743086666666667,1515,Loss,QuantiSNP
14,19267151,19523719,3,NA11993,41.3686,80,0.5171075,256569,Gain,QuantiSNP
14,40679974,40731435,0,NA11993,205.554,30,6.8518,51462,Loss,QuantiSNP
14,59545509,59555130,3,NA11993,1.44189,8,0.18023625,9622,Gain,QuantiSNP
14,72597006,72600431,1,NA11993,0.459954,6,0.076659,3426,Loss,QuantiSNP
14,93617231,93617414,1,NA11993,4.84676,6,0.807793333333333,184,Loss,QuantiSNP
14,102638482,102646528,1,NA11993,8.17134,12,0.680945,8047,Loss,QuantiSNP
14,105646659,105887901,3,NA11993,86.5939,56,1.54631964285714,241243,Gain,QuantiSNP
14,105899453,106111383,3,NA11993,26.2333,85,0.308627058823529,211931,Gain,QuantiSNP
22,14494244,15246793,3,NA11993,13.1652,17,0.774423529411765,752550,Gain,QuantiSNP
22,21060955,21567586,1,NA11993,142.055,132,1.07617424242424,506632,Loss,QuantiSNP
22,42989223,42989601,1,NA11993,0.110609,3,0.0368696666666667,379,Loss,QuantiSNP
14,18770048,18917604,1,NA12892,1.9165,4,0.479125,147557,Loss,QuantiSNP
14,23523206,23534725,1,NA12892,18.7721,14,1.34086428571429,11520,Loss,QuantiSNP
14,24701839,24735623,3,NA12892,12.1103,26,0.465780769230769,33785,Gain,QuantiSNP
14,39629624,39636065,3,NA12892,4.7381,7,0.676871428571429,6442,Gain,QuantiSNP
14,56819453,56826471,3,NA12892,0.197464,10,0.0197464,7019,Gain,QuantiSNP
14,95863473,95923207,3,NA12892,1.40212,30,0.0467373333333333,59735,Gain,QuantiSNP
14,105165405,105298364,1,NA12892,20.3152,24,0.846466666666667,132960,Loss,QuantiSNP
14,105372700,105391051,0,NA12892,16.3484,3,5.44946666666667,18352,Loss,QuantiSNP
14,105962569,106109566,3,NA12892,57.1006,67,0.85224776119403,146998,Gain,QuantiSNP
22,42164085,42166142,1,NA12892,4.87443,5,0.974886,2058,Loss,QuantiSNP
14,19267151,19507993,3,NA11919,16.8077,74,0.227131081081081,240843,Gain,QuantiSNP
14,24665928,24742520,3,NA11919,3.6092,79,0.0456860759493671,76593,Gain,QuantiSNP
14,27311628,27383357,3,NA11919,6.95903,25,0.2783612,71730,Gain,QuantiSNP
14,34696748,34696962,3,NA11919,0,2,0,215,Gain,QuantiSNP
14,36942384,36996031,3,NA11919,7.5135,18,0.417416666666667,53648,Gain,QuantiSNP
14,63123766,63125605,1,NA11919,4.24364,5,0.848728,1840,Loss,QuantiSNP
14,73105424,73109044,3,NA11919,0.907266,4,0.2268165,3621,Gain,QuantiSNP
14,85355246,85389234,1,NA11919,49.637,27,1.83840740740741,33989,Loss,QuantiSNP
14,104402938,104422624,1,NA11919,7.33294,24,0.305539166666667,19687,Loss,QuantiSNP
22,14494244,14895222,3,NA11919,2.17303,12,0.181085833333333,400979,Gain,QuantiSNP
22,15292556,15401114,3,NA11919,1.22244,11,0.111130909090909,108559,Gain,QuantiSNP
22,15727348,15751560,3,NA11919,2.01203,5,0.402406,24213,Gain,QuantiSNP
22,18076947,18093224,1,NA11919,0.969763,13,0.0745971538461539,16278,Loss,QuantiSNP
22,18496593,18513378,1,NA11919,8.74376,10,0.874376,16786,Loss,QuantiSNP
22,21466315,21567586,1,NA11919,12.664,19,0.666526315789474,101272,Loss,QuantiSNP
14,18070480,18117862,3,NA11840,11.4085,15,0.760566666666667,47383,Gain,QuantiSNP
14,19267151,19502504,3,NA11840,23.5069,71,0.331083098591549,235354,Gain,QuantiSNP
14,63286204,63292516,1,NA11840,2.8794,3,0.9598,6313,Loss,QuantiSNP
14,72788632,72801066,1,NA11840,42.214,35,1.20611428571429,12435,Loss,QuantiSNP
14,87461518,87492493,1,NA11840,119.047,43,2.76853488372093,30976,Loss,QuantiSNP
14,97149613,97160832,3,NA11840,1.8914,7,0.2702,11220,Gain,QuantiSNP
14,99072567,99079713,1,NA11840,3.34325,10,0.334325,7147,Loss,QuantiSNP
14,99862235,99866341,1,NA11840,11.0466,15,0.73644,4107,Loss,QuantiSNP
14,103635675,103637679,1,NA11840,9.49109,6,1.58184833333333,2005,Loss,QuantiSNP
14,103683231,103690431,1,NA11840,2.65306,7,0.379008571428571,7201,Loss,QuantiSNP
14,104226361,104252022,1,NA11840,5.66406,45,0.125868,25662,Loss,QuantiSNP
14,104462050,104474275,1,NA11840,2.21433,9,0.246036666666667,12226,Loss,QuantiSNP
14,104491972,104493357,1,NA11840,0,3,0,1386,Loss,QuantiSNP
14,104744737,104751459,1,NA11840,2.0313,14,0.145092857142857,6723,Loss,QuantiSNP
14,105100565,105114196,3,NA11840,11.5945,10,1.15945,13632,Gain,QuantiSNP
22,18330164,18338197,1,NA11840,31.0094,33,0.939678787878788,8034,Loss,QuantiSNP
22,18345563,18358558,1,NA11840,9.99022,24,0.416259166666667,12996,Loss,QuantiSNP
22,22885861,22917303,1,NA11840,1.095,17,0.0644117647058823,31443,Loss,QuantiSNP
22,23313264,23320916,1,NA11840,7.25876,13,0.558366153846154,7653,Loss,QuantiSNP
22,27934364,27942736,1,NA11840,4.47933,10,0.447933,8373,Loss,QuantiSNP
22,35888225,35889340,1,NA11840,0.938581,3,0.312860333333333,1116,Loss,QuantiSNP
22,36074172,36079892,1,NA11840,34.4451,17,2.02618235294118,5721,Loss,QuantiSNP
22,40645317,40659230,1,NA11840,8.37797,11,0.761633636363636,13914,Loss,QuantiSNP
22,43502959,43503570,1,NA11840,6.13886,8,0.7673575,612,Loss,QuantiSNP
22,44781413,44786379,1,NA11840,6.98068,8,0.872585,4967,Loss,QuantiSNP
22,44870625,44904959,1,NA11840,39.5957,59,0.671113559322034,34335,Loss,QuantiSNP
22,48997225,49000551,1,NA11840,1.31479,14,0.0939135714285714,3327,Loss,QuantiSNP
14,18390628,19417404,3,NA11843,27.2155,43,0.632918604651163,1026777,Gain,QuantiSNP
14,19467594,19507993,3,NA11843,14.4385,26,0.555326923076923,40400,Gain,QuantiSNP
14,21600591,21602027,3,NA11843,1.89456,4,0.47364,1437,Gain,QuantiSNP
14,27353448,27386244,3,NA11843,9.45073,16,0.590670625,32797,Gain,QuantiSNP
14,28086160,28093852,3,NA11843,1.08246,7,0.154637142857143,7693,Gain,QuantiSNP
14,35188099,35210013,3,NA11843,0,8,0,21915,Gain,QuantiSNP
14,36896343,36996031,3,NA11843,25.4883,35,0.728237142857143,99689,Gain,QuantiSNP
14,61809845,61812076,3,NA11843,1.03602,8,0.1295025,2232,Gain,QuantiSNP
14,63119121,63125605,1,NA11843,2.36119,6,0.393531666666667,6485,Loss,QuantiSNP
14,66279656,66296552,3,NA11843,1.60763,8,0.20095375,16897,Gain,QuantiSNP
14,89092819,89097272,1,NA11843,3.5453,7,0.506471428571429,4454,Loss,QuantiSNP
14,105523735,105744785,3,NA11843,19.01,19,1.00052631578947,221051,Gain,QuantiSNP
14,105855885,105887901,1,NA11843,11.9128,7,1.70182857142857,32017,Loss,QuantiSNP
14,105899453,106215373,3,NA11843,124.709,163,0.765085889570552,315921,Gain,QuantiSNP
14,106289540,106300810,3,NA11843,9.3722,11,0.852018181818182,11271,Gain,QuantiSNP
22,15292556,15418910,3,NA11843,3.29327,14,0.235233571428571,126355,Gain,QuantiSNP
22,49052084,49057156,1,NA11843,0,6,0,5073,Loss,QuantiSNP
14,18325726,18350733,1,NA11920,7.12571,5,1.425142,25008,Loss,QuantiSNP
14,18527976,18540537,3,NA11920,12.8147,5,2.56294,12562,Gain,QuantiSNP
14,18770048,19417404,3,NA11920,54.3242,32,1.69763125,647357,Gain,QuantiSNP
14,19444485,19490178,3,NA11920,12.0431,25,0.481724,45694,Gain,QuantiSNP
14,21396700,21398771,3,NA11920,1.08571,5,0.217142,2072,Gain,QuantiSNP
14,24769923,24788130,3,NA11920,14.3744,29,0.495668965517241,18208,Gain,QuantiSNP
14,27353448,27380447,3,NA11920,2.52804,11,0.229821818181818,27000,Gain,QuantiSNP
14,45495969,45501320,1,NA11920,2.67434,5,0.534868,5352,Loss,QuantiSNP
14,65118625,65205916,3,NA11920,24.767,37,0.669378378378378,87292,Gain,QuantiSNP
14,98551726,98552165,1,NA11920,3.40961,4,0.8524025,440,Loss,QuantiSNP
14,105133720,105246247,1,NA11920,53.6644,32,1.6770125,112528,Loss,QuantiSNP
14,105249724,105268160,0,NA11920,17.3817,3,5.7939,18437,Loss,QuantiSNP
14,105269079,105391051,1,NA11920,17.9925,6,2.99875,121973,Loss,QuantiSNP
14,105397668,105399984,3,NA11920,0.750425,5,0.150085,2317,Gain,QuantiSNP
14,105582557,105587018,0,NA11920,7.15974,3,2.38658,4462,Loss,QuantiSNP
14,105721287,105766323,1,NA11920,6.58306,7,0.940437142857143,45037,Loss,QuantiSNP
14,105767090,105781515,0,NA11920,15.8865,5,3.1773,14426,Loss,QuantiSNP
14,105855885,105887901,3,NA11920,20.164,7,2.88057142857143,32017,Gain,QuantiSNP
14,105937208,106182841,3,NA11920,77.9951,124,0.628992741935484,245634,Gain,QuantiSNP
22,14494244,14844422,3,NA11920,2.95096,7,0.421565714285714,350179,Gain,QuantiSNP
22,15292556,15418910,3,NA11920,5.525,15,0.368333333333333,126355,Gain,QuantiSNP
22,48791889,48796563,1,NA11920,3.70532,8,0.463165,4675,Loss,QuantiSNP
22,49082168,49099024,1,NA11920,16.4084,24,0.683683333333333,16857,Loss,QuantiSNP
14,18070480,18117862,3,NA11931,7.41733,15,0.494488666666667,47383,Gain,QuantiSNP
14,18527976,18540537,3,NA11931,4.60843,5,0.921686,12562,Gain,QuantiSNP
14,19406967,19492022,3,NA11931,10.14,39,0.26,85056,Gain,QuantiSNP
14,23523206,23534725,1,NA11931,6.04905,14,0.432075,11520,Loss,QuantiSNP
14,25661020,25661921,0,NA11931,13.7025,3,4.5675,902,Loss,QuantiSNP
14,40679974,40731435,1,NA11931,54.0171,30,1.80057,51462,Loss,QuantiSNP
14,61857847,61872683,3,NA11931,19.4209,46,0.42219347826087,14837,Gain,QuantiSNP
14,81739548,81759222,3,NA11931,2.11261,14,0.150900714285714,19675,Gain,QuantiSNP
14,104957032,104959183,1,NA11931,8.33055,3,2.77685,2152,Loss,QuantiSNP
14,105421439,105542997,3,NA11931,4.07774,5,0.815548,121559,Gain,QuantiSNP
14,105851785,105887901,1,NA11931,18.5028,8,2.31285,36117,Loss,QuantiSNP
14,105899453,106170207,3,NA11931,65.6312,117,0.560950427350427,270755,Gain,QuantiSNP
22,14494244,14619064,3,NA11931,4.77363,5,0.954726,124821,Gain,QuantiSNP
22,18478882,18479331,1,NA11931,8.87177,5,1.774354,450,Loss,QuantiSNP
22,21070855,21071206,0,NA11931,7.56736,2,3.78368,352,Loss,QuantiSNP
22,21073466,21150934,1,NA11931,29.7378,31,0.959283870967742,77469,Loss,QuantiSNP
22,21220756,21411431,1,NA11931,60.9338,50,1.218676,190676,Loss,QuantiSNP
22,21412535,21442205,0,NA11931,45.2581,9,5.02867777777778,29671,Loss,QuantiSNP
22,21466315,21471097,1,NA11931,9.72378,2,4.86189,4783,Loss,QuantiSNP
22,21473839,21478807,0,NA11931,20.2402,4,5.06005,4969,Loss,QuantiSNP
22,21482487,21482487,1,NA11931,9.52205,1,9.52205,1,Loss,QuantiSNP
22,21491302,21540429,0,NA11931,45.0737,9,5.00818888888889,49128,Loss,QuantiSNP
22,21544004,21567586,1,NA11931,10.7599,3,3.58663333333333,23583,Loss,QuantiSNP
22,37694289,37715609,1,NA11931,10.232,17,0.601882352941176,21321,Loss,QuantiSNP
22,40852557,40868682,1,NA11931,7.38665,13,0.568203846153846,16126,Loss,QuantiSNP
14,19614352,19630121,3,NA11992,11.2771,10,1.12771,15770,Gain,QuantiSNP
14,21569000,21576625,3,NA11992,1.67736,14,0.119811428571429,7626,Gain,QuantiSNP
14,24667383,24789332,3,NA11992,30.1954,124,0.243511290322581,121950,Gain,QuantiSNP
14,27091373,27140343,3,NA11992,8.82836,30,0.294278666666667,48971,Gain,QuantiSNP
14,27353448,27404962,3,NA11992,3.20658,27,0.118762222222222,51515,Gain,QuantiSNP
14,35188099,35246340,3,NA11992,7.88101,23,0.342652608695652,58242,Gain,QuantiSNP
14,35368211,35434486,3,NA11992,14.0282,36,0.389672222222222,66276,Gain,QuantiSNP
14,36922511,37111621,3,NA11992,41.5279,79,0.525669620253165,189111,Gain,QuantiSNP
14,39589164,39678895,3,NA11992,10.3601,65,0.159386153846154,89732,Gain,QuantiSNP
14,40679974,40731435,1,NA11992,23.8359,30,0.79453,51462,Loss,QuantiSNP
14,41361522,41368513,3,NA11992,2.10706,7,0.301008571428571,6992,Gain,QuantiSNP
14,42058096,42080462,3,NA11992,6.48486,19,0.341308421052632,22367,Gain,QuantiSNP
14,42513429,42522856,3,NA11992,2.163,10,0.2163,9428,Gain,QuantiSNP
14,42566804,42654422,3,NA11992,1.93428,55,0.0351687272727273,87619,Gain,QuantiSNP
14,42999532,43016839,3,NA11992,0.831784,14,0.0594131428571429,17308,Gain,QuantiSNP
14,45578215,45668917,3,NA11992,6.94982,59,0.117793559322034,90703,Gain,QuantiSNP
14,45878219,46033030,3,NA11992,12.2041,92,0.132653260869565,154812,Gain,QuantiSNP
14,47972650,48018303,3,NA11992,6.07809,39,0.155848461538462,45654,Gain,QuantiSNP
14,49955285,50023843,3,NA11992,3.27044,40,0.081761,68559,Gain,QuantiSNP
14,52582581,52647555,3,NA11992,4.37628,31,0.141170322580645,64975,Gain,QuantiSNP
14,59545509,59579931,3,NA11992,8.09028,18,0.44946,34423,Gain,QuantiSNP
14,61657260,61670436,3,NA11992,4.30443,28,0.153729642857143,13177,Gain,QuantiSNP
14,61857062,61870980,3,NA11992,32.3838,39,0.830353846153846,13919,Gain,QuantiSNP
14,61920728,61931886,3,NA11992,10.2235,16,0.63896875,11159,Gain,QuantiSNP
14,62012198,62033100,3,NA11992,12.2543,77,0.159146753246753,20903,Gain,QuantiSNP
14,62070323,62080893,3,NA11992,6.18478,29,0.213268275862069,10571,Gain,QuantiSNP
14,62118527,62155190,3,NA11992,65.0026,120,0.541688333333333,36664,Gain,QuantiSNP
14,65041642,65261901,3,NA11992,31.4526,87,0.361524137931034,220260,Gain,QuantiSNP
14,66175818,66179045,3,NA11992,0.848,7,0.121142857142857,3228,Gain,QuantiSNP
14,66257354,66540033,3,NA11992,38.3172,76,0.504173684210526,282680,Gain,QuantiSNP
14,81737611,81766058,3,NA11992,4.74394,23,0.206258260869565,28448,Gain,QuantiSNP
14,83331950,83342708,3,NA11992,1.94068,20,0.097034,10759,Gain,QuantiSNP
14,91314875,91367672,3,NA11992,1.14443,40,0.02861075,52798,Gain,QuantiSNP
14,95900736,95923207,3,NA11992,1.09071,13,0.0839007692307692,22472,Gain,QuantiSNP
14,97135524,97183709,3,NA11992,2.96677,39,0.0760710256410256,48186,Gain,QuantiSNP
14,100952291,100968768,3,NA11992,11.214,12,0.9345,16478,Gain,QuantiSNP
14,103476545,103600867,3,NA11992,36.7027,74,0.495982432432432,124323,Gain,QuantiSNP
14,104633455,104642939,3,NA11992,2.12225,11,0.192931818181818,9485,Gain,QuantiSNP
14,105372700,105391051,0,NA11992,15.6363,3,5.2121,18352,Loss,QuantiSNP
14,105452961,106127399,3,NA11992,212.118,154,1.37738961038961,674439,Gain,QuantiSNP
14,106134023,106313396,3,NA11992,93.1281,138,0.674841304347826,179374,Gain,QuantiSNP
22,21434769,21442205,0,NA11992,35.9834,6,5.99723333333333,7437,Loss,QuantiSNP
22,21466315,21466315,1,NA11992,2.00804,1,2.00804,1,Loss,QuantiSNP
22,21471097,21567586,0,NA11992,113.719,18,6.31772222222222,96490,Loss,QuantiSNP
22,37618105,37626450,3,NA11992,3.11559,15,0.207706,8346,Gain,QuantiSNP
22,43500528,43503974,1,NA11992,7.84642,16,0.49040125,3447,Loss,QuantiSNP
22,49040151,49043347,1,NA11992,3.74063,7,0.534375714285714,3197,Loss,QuantiSNP
14,18293219,18373675,1,NA11892,11.1489,8,1.3936125,80457,Loss,QuantiSNP
14,18471281,18540537,3,NA11892,11.0561,6,1.84268333333333,69257,Gain,QuantiSNP
14,105795211,106097669,3,NA11892,74.9279,90,0.832532222222222,302459,Gain,QuantiSNP
22,15292556,15418910,3,NA11892,10.7343,15,0.71562,126355,Gain,QuantiSNP
22,21328337,21413560,3,NA11892,7.10439,27,0.263125555555556,85224,Gain,QuantiSNP
22,41248655,41279977,3,NA11892,18.0903,13,1.39156153846154,31323,Gain,QuantiSNP
22,48714735,48736422,1,NA11892,11.265,18,0.625833333333333,21688,Loss,QuantiSNP
