chr,posStart,posEnd,CN,Sample_ID,conf,numSNP,avgConf,length,CNV_type,method
14,18896346,19494024,1,NA12878,97.42,67,1.45402985074627,597679,Loss,iPattern
14,18896346,19494024,1,NA11930,78.02,67,1.1644776119403,597679,Loss,iPattern
14,18896346,19494024,1,NA11995,81.41,67,1.21507462686567,597679,Loss,iPattern
14,18896346,19494024,1,NA12003,76.17,67,1.13686567164179,597679,Loss,iPattern
14,18896346,19494024,1,NA12892,72.6,67,1.08358208955224,597679,Loss,iPattern
14,19267151,19492639,1,NA11918,74.82,64,1.1690625,225489,Loss,iPattern
14,19267151,19492639,1,NA12005,79.74,64,1.2459375,225489,Loss,iPattern
14,19267151,19492639,1,NA11892,71.28,64,1.11375,225489,Loss,iPattern
14,21978947,21986962,1,NA11930,47.54,9,5.28222222222222,8016,Loss,iPattern
14,23517043,23528395,1,NA12878,19.72,10,1.972,11353,Loss,iPattern
14,23517288,23534725,1,NA11931,30.14,15,2.00933333333333,17438,Loss,iPattern
14,23517288,23534725,1,NA12892,36.49,15,2.43266666666667,17438,Loss,iPattern
14,34674643,34683251,1,NA11992,19.63,7,2.80428571428571,8609,Loss,iPattern
14,34674643,34683251,1,NA11993,11.02,7,1.57428571428571,8609,Loss,iPattern
14,34674643,34683251,1,NA11930,20.29,7,2.89857142857143,8609,Loss,iPattern
14,40679974,40731435,1,NA11992,144.02,30,4.80066666666667,51462,Loss,iPattern
14,40679974,40731435,1,NA11994,171.98,30,5.73266666666667,51462,Loss,iPattern
14,40679974,40731435,1,NA12006,174.83,30,5.82766666666667,51462,Loss,iPattern
14,40679974,40731435,1,NA11931,174.83,30,5.82766666666667,51462,Loss,iPattern
14,40679974,40731435,1,NA12043,174.83,30,5.82766666666667,51462,Loss,iPattern
14,40679974,40731435,1,NA12004,174.83,30,5.82766666666667,51462,Loss,iPattern
14,40679974,40731435,1,NA11995,141.75,30,4.725,51462,Loss,iPattern
14,40679974,40731435,1,NA11993,246.49,30,8.21633333333333,51462,Loss,iPattern
14,42058096,42062594,1,NA11918,15.76,6,2.62666666666667,4499,Loss,iPattern
14,43786417,43788372,1,NA11893,20.34,6,3.39,1956,Loss,iPattern
14,43786417,43788372,1,NA11995,13.26,6,2.21,1956,Loss,iPattern
14,46778147,46785452,1,NA11894,73.95,9,8.21666666666667,7306,Loss,iPattern
14,63026265,63032662,1,NA12003,58.28,10,5.828,6398,Loss,iPattern
14,72597006,72616497,1,NA11919,25.86,10,2.586,19492,Loss,iPattern
14,72597006,72616497,1,NA11993,22.45,10,2.245,19492,Loss,iPattern
14,73309929,73315360,1,NA12878,35.23,8,4.40375,5432,Loss,iPattern
14,73309929,73315360,1,NA12891,36.22,8,4.5275,5432,Loss,iPattern
14,78230283,78235361,1,NA11920,27.04,7,3.86285714285714,5079,Loss,iPattern
14,78230283,78235361,1,NA11995,28.92,7,4.13142857142857,5079,Loss,iPattern
14,82505059,82507036,1,NA11918,16.33,5,3.266,1978,Loss,iPattern
14,82505059,82507036,1,NA12004,24.73,5,4.946,1978,Loss,iPattern
14,85355246,85382641,1,NA11919,105.67,26,4.06423076923077,27396,Loss,iPattern
14,87461518,87492493,1,NA11840,500,44,11.3636363636364,30976,Loss,iPattern
14,90327494,90336399,1,NA11994,42.45,14,3.03214285714286,8906,Loss,iPattern
14,94355770,94359643,1,NA12891,25.07,11,2.27909090909091,3874,Loss,iPattern
14,103056831,103072847,1,NA12891,32.68,15,2.17866666666667,16017,Loss,iPattern
14,105721287,105845959,3,NA11994,165.85,36,4.60694444444444,124673,Gain,iPattern
14,104626441,104635779,1,NA11840,13.73,8,1.71625,9339,Loss,iPattern
14,104626441,104635779,1,NA12891,16.69,8,2.08625,9339,Loss,iPattern
14,105133720,105800352,1,NA11920,234.56,81,2.8958024691358,666633,Loss,iPattern
14,105962569,106002174,1,NA11992,27.38,9,3.04222222222222,39606,Loss,iPattern
14,105962569,106002174,1,NA11918,34.5,9,3.83333333333333,39606,Loss,iPattern
14,105962569,106002174,1,NA12043,40.84,9,4.53777777777778,39606,Loss,iPattern
14,105962569,106002174,1,NA11843,32.39,9,3.59888888888889,39606,Loss,iPattern
14,105372700,105399901,1,NA11992,26.35,7,3.76428571428571,27202,Loss,iPattern
14,106110639,106287351,1,NA11930,500,120,4.16666666666667,176713,Loss,iPattern
14,105582557,105804088,1,NA11893,232.97,34,6.85205882352941,221532,Loss,iPattern
22,17006900,17009320,1,NA11994,32.74,7,4.67714285714286,2421,Loss,iPattern
22,17359268,17385159,3,NA12006,37.94,28,1.355,25892,Gain,iPattern
22,21265516,21567586,1,NA12005,500,64,7.8125,302071,Loss,iPattern
22,20714229,21035358,1,NA11893,500,395,1.26582278481013,321130,Loss,iPattern
22,20714229,21035358,1,NA12005,500,395,1.26582278481013,321130,Loss,iPattern
22,21056952,21191994,1,NA11893,199.07,71,2.80380281690141,135043,Loss,iPattern
22,21056952,21191994,1,NA12878,166.64,71,2.34704225352113,135043,Loss,iPattern
22,21056952,21191994,1,NA12005,208.94,71,2.94281690140845,135043,Loss,iPattern
22,20878863,20930912,1,NA12878,173.42,90,1.92688888888889,52050,Loss,iPattern
22,21436891,21567586,1,NA11992,139.87,24,5.82791666666667,130696,Loss,iPattern
22,21060955,21191994,1,NA11993,157.22,54,2.91148148148148,131040,Loss,iPattern
22,23993994,24059191,3,NA11894,65.38,37,1.76702702702703,65198,Gain,iPattern
22,24101759,24215899,3,NA11894,104.98,66,1.59060606060606,114141,Gain,iPattern
22,24229939,24239204,3,NA11894,28.54,12,2.37833333333333,9266,Gain,iPattern
22,23993994,24249492,1,NA11995,500,185,2.7027027027027,255499,Loss,iPattern
22,36075047,36079892,1,NA11918,73.34,16,4.58375,4846,Loss,iPattern
22,36075047,36079892,1,NA11840,93.24,16,5.8275,4846,Loss,iPattern
22,36075047,36079892,1,NA12006,53.09,16,3.318125,4846,Loss,iPattern
22,37689831,37715609,1,NA12006,25.46,18,1.41444444444444,25779,Loss,iPattern
22,37689831,37715609,1,NA11931,33.24,18,1.84666666666667,25779,Loss,iPattern
22,40852557,40861154,1,NA11931,23.43,10,2.343,8598,Loss,iPattern
22,44081739,44106415,1,NA12005,92.8,23,4.03478260869565,24677,Loss,iPattern
